3

0 8 0 | 0 5 9 | 0 0 0
7 0 3 | 0 0 0 | 0 0 0
6 4 9 | 7 0 0 | 0 0 0
------+-------+------
0 6 4 | 0 0 3 | 0 0 5
0 0 7 | 0 0 0 | 6 0 0
8 0 0 | 6 0 0 | 0 4 0
------+-------+------
0 0 0 | 0 0 7 | 3 2 8
0 0 0 | 0 0 0 | 1 0 7
0 0 0 | 8 9 0 | 0 0 0

1 2 3 | 4 5 6 | 7 8 9
4 5 6 | 0 0 0 | 0 0 0
7 8 9 | 0 0 0 | 0 6 0
------+-------+------
2 0 0 | 1 0 0 | 0 0 0
5 0 0 | 0 2 0 | 8 0 0
8 0 1 | 5 0 3 | 9 0 0
------+-------+------
3 0 0 | 0 6 0 | 1 9 8
6 0 0 | 0 0 0 | 0 2 7
9 7 5 | 8 0 0 | 0 0 3

1 2 3 | 4 5 6 | 7 8 9
9 8 7 | 3 2 1 | 6 5 4
4 5 6 | 7 8 9 | 1 2 3
------+-------+------
3 9 2 | 8 4 5 | 0 0 0
0 0 0 | 0 0 0 | 0 0 0
0 0 0 | 0 0 0 | 0 0 0
------+-------+------
0 0 0 | 0 0 0 | 0 0 0
0 0 0 | 0 0 0 | 0 0 0
0 0 0 | 0 0 0 | 0 0 0